nan,1.00E+00,1.97E+00,9.68E+00,1.93E+01,4.79E+01,9.71E+01,2.01E+02,5.21E+02,1.12E+03,1.91E+03,5.66E+03,9.51E+03
800,1.012297514,1.038550245,1.095796802,1.026345409,1.085235258,1.183415744,1.055443229,1.129629476,1.049890818,1.054487831,1.17554143,1.049138438
820,1.011656655,1.037061372,1.092881966,1.022656008,1.082744597,1.175949754,1.051267523,1.125297435,1.048431827,1.051152631,1.169430374,1.048143372
840,1.011016606,1.035576763,1.089982596,1.018993037,1.080265344,1.170425336,1.047124727,1.120998493,1.046976885,1.049514571,1.163382526,1.047150191
860,1.010377367,1.034096398,1.087098569,1.015356213,1.077797418,1.164952581,1.043014454,1.116732272,1.045525976,1.04842699,1.157396911,1.046158891
880,1.009738935,1.032620259,1.084229764,1.011745256,1.075340742,1.159530768,1.038936324,1.112498401,1.044079083,1.047341661,1.151472573,1.045169465
900,1.00910131,1.031148328,1.08137606,1.008159892,1.07289524,1.154159188,1.03488996,1.108296512,1.041964173,1.046258577,1.145608575,1.04418191
920,1.00846449,1.029680588,1.078537339,1.00459985,1.070460836,1.148837146,1.032635179,1.104126244,1.039781192,1.045177731,1.139804001,1.043196219
940,1.007828473,1.02821702,1.075713482,1.001064861,1.068037455,1.143563962,1.032025971,1.099987243,1.037607339,1.044099116,1.134057952,1.042212387
960,1.007193257,1.026757607,1.072904374,0.997554663,1.065625021,1.138338964,1.031417482,1.095879157,1.035442557,1.043022724,1.128369546,1.041230409
980,1.006558842,1.025302331,1.070109899,0.994068996,1.063223461,1.133161495,1.030809709,1.091801641,1.033286789,1.04194855,1.122737922,1.04025028
1000,1.006344816,1.023851175,1.067329944,0.990607604,1.0608327,1.128030911,1.030202653,1.087754356,1.031139979,1.040876586,1.117162232,1.039271995
1020,1.006159627,1.02240412,1.064564394,0.98982491,1.058452668,1.122946576,1.029596311,1.083736967,1.029002071,1.039806825,1.111641649,1.038295547
1040,1.005974506,1.02096115,1.061813139,0.989910139,1.056083291,1.117907868,1.028990682,1.079749143,1.02687301,1.038739261,1.106175358,1.037320933
1060,1.005789453,1.019522247,1.059076068,0.989995383,1.053724498,1.112914176,1.028385766,1.075790559,1.024752741,1.037673887,1.100762563,1.036348147
1080,1.005604469,1.018087395,1.056353072,0.990080642,1.051376219,1.1079649,1.02778156,1.071860896,1.02264121,1.036610695,1.095402483,1.035377183
1100,1.005419552,1.016656575,1.053644042,0.990165915,1.049038383,1.103059448,1.027178064,1.067959836,1.020538363,1.035549681,1.090094351,1.034408038
1120,1.005234704,1.015229772,1.050948871,0.990251203,1.04671092,1.098197243,1.026575276,1.06408707,1.018444146,1.034490836,1.084837415,1.033440705
1140,1.005049923,1.013806967,1.048267453,0.990336506,1.044393763,1.093377714,1.025973195,1.06024229,1.016358506,1.033434154,1.08241847,1.032475179
1160,1.00486521,1.012388146,1.045599683,0.990421823,1.042086842,1.088600301,1.02537182,1.056425194,1.015671129,1.032379629,1.080394732,1.031511456
1180,1.004680565,1.01097329,1.042945457,0.990507155,1.03979009,1.083864456,1.02477115,1.052635484,1.015301108,1.031327254,1.078378547,1.03054953
1200,1.004495988,1.009934743,1.040304673,0.990592502,1.037503439,1.079169639,1.024171183,1.050326149,1.014931356,1.030277022,1.076369873,1.029589397
1220,1.004311479,1.009594304,1.037677228,0.990677863,1.035226824,1.074515317,1.023571918,1.049038489,1.014561873,1.029228926,1.074368668,1.028631051
1240,1.004127038,1.009254095,1.035063021,0.99076324,1.032960178,1.06990097,1.022973354,1.047753982,1.01419266,1.028182961,1.072374891,1.027674487
1260,1.003942664,1.008914115,1.032461953,0.990848631,1.030703437,1.065326085,1.022375489,1.046472617,1.013823715,1.02713912,1.0703885,1.026737914
1280,1.003758358,1.008574365,1.029873926,0.990934036,1.028456534,1.060790158,1.021778323,1.045194382,1.013455038,1.026097396,1.068409454,1.025970341
1300,1.00357412,1.008234843,1.02729884,0.99104163,1.026219407,1.056292693,1.021181855,1.043919266,1.013086629,1.025057783,1.066437713,1.025203915
1320,1.003389949,1.007895549,1.0247366,0.991279467,1.023991991,1.053078481,1.020586082,1.042647258,1.012718488,1.024020275,1.064473236,1.024438634
1340,1.003205846,1.007556484,1.023491933,0.991517419,1.021774223,1.051483876,1.019991004,1.041378346,1.012350615,1.022984865,1.062515983,1.023674494
1360,1.00302181,1.007217647,1.022717422,0.991755485,1.021001932,1.049894093,1.019396619,1.040112518,1.011983009,1.021951546,1.060565915,1.022911493
1380,1.002837842,1.006879037,1.021944082,0.991993665,1.020306758,1.04830911,1.018802927,1.038849764,1.011615669,1.020920313,1.058622992,1.022149629
1400,1.002653942,1.006540656,1.021171911,0.99223196,1.01961253,1.046728906,1.018209926,1.037590073,1.011248597,1.019891158,1.056687174,1.021388899
1420,1.002470109,1.006202501,1.020400906,0.992470369,1.018919246,1.045153458,1.017617615,1.036333432,1.01088179,1.018864077,1.054758423,1.0206293
1440,1.002286343,1.005864574,1.019631064,0.992708893,1.018226904,1.043582746,1.017025992,1.035079832,1.01051525,1.017839062,1.052836701,1.01987083
1460,1.002139604,1.005526873,1.018862383,0.992947531,1.017535503,1.042016748,1.016435057,1.033829261,1.010148975,1.016816108,1.050921968,1.019113487
1480,1.002041407,1.0051894,1.01809486,0.993186284,1.01684504,1.040455442,1.015844809,1.032581709,1.009782965,1.015795208,1.049014187,1.018357268
1500,1.001943229,1.004852153,1.017328493,0.993425152,1.016155513,1.038898808,1.015255245,1.031337163,1.009417221,1.014776355,1.04711332,1.01760217
1520,1.00184507,1.004515132,1.016563279,0.993664135,1.015466921,1.037346826,1.014666366,1.030095614,1.009051742,1.013759545,1.04521933,1.016848191
1540,1.00174693,1.004178336,1.015799214,0.993903233,1.014779261,1.035799473,1.014078169,1.028857051,1.008686527,1.01274477,1.043332178,1.016095328
1560,1.00164881,1.003841767,1.015036298,0.994142446,1.014092532,1.034256729,1.013490654,1.027621462,1.008321577,1.011732025,1.041451829,1.01534358
1580,1.001550709,1.003505424,1.014274527,0.994381775,1.013406732,1.032718574,1.012903819,1.026388838,1.00795689,1.010721303,1.039578246,1.014592943
1600,1.001452627,1.003169305,1.013513898,0.994621218,1.012721859,1.031184988,1.012317663,1.025159167,1.007592467,1.009712598,1.037711392,1.013843415
1620,1.001354564,1.002833412,1.012754409,0.994860777,1.012037911,1.029655949,1.011732185,1.023932439,1.007228308,1.008705905,1.03585123,1.013094994
1640,1.00125652,1.002497743,1.011996058,0.995104263,1.011354886,1.028131439,1.011147385,1.022708643,1.006864411,1.007701217,1.033997726,1.012347677
1660,1.001158496,1.002162299,1.011238841,0.995351088,1.010672782,1.026611436,1.010563259,1.02148777,1.006500778,1.007210543,1.032150842,1.011601462
1680,1.001060491,1.00182708,1.010482757,0.995598035,1.009991598,1.02509592,1.009979809,1.020269807,1.006137407,1.006807231,1.030310545,1.010856345
1700,1.000962505,1.001492085,1.009727802,0.995845105,1.009311332,1.023584873,1.009397031,1.019054746,1.005774299,1.006404241,1.028476798,1.010112326
1720,1.000864538,1.001157314,1.008973975,0.996092297,1.008631981,1.022078274,1.008808436,1.017842575,1.005411452,1.006001574,1.026649568,1.009369401
1740,1.00076659,1.000822766,1.008221273,0.996339612,1.007953544,1.020576103,1.008216382,1.016633285,1.005048867,1.005599228,1.024828818,1.008627569
1760,1.000668662,1.000587825,1.007469692,0.99658705,1.007276019,1.019078342,1.007625022,1.015426864,1.004686544,1.005197205,1.023014515,1.007886826
1780,1.000570752,1.000542584,1.006719232,0.996834611,1.006599405,1.01758497,1.007034356,1.014223304,1.004324481,1.004795503,1.021206625,1.00714717
1800,1.000472862,1.000497346,1.005969888,0.997082295,1.005923698,1.016095969,1.006444382,1.013022593,1.00396268,1.004394121,1.019405113,1.006408598
1820,1.000374991,1.000452112,1.00522166,0.997330103,1.005248899,1.014611318,1.005855099,1.011824722,1.003601139,1.003993061,1.017609946,1.00567111
1840,1.000277139,1.000406883,1.004474543,0.997578033,1.004575004,1.013131,1.005266506,1.010629681,1.003239858,1.00359232,1.01582109,1.004934701
1860,1.000179307,1.000361657,1.003728536,0.997826087,1.003902012,1.011654996,1.004678601,1.009437459,1.002878838,1.0031919,1.014038513,1.00419937
1880,1.000081493,1.000316436,1.002983637,0.998074264,1.003229921,1.010183286,1.004091383,1.008248046,1.002518077,1.002791798,1.012262181,1.003465115
1900,0.999983699,1.000271218,1.002239842,0.998322564,1.00255873,1.008715851,1.003504851,1.007061434,1.002157575,1.002392016,1.010492062,1.002731932
1920,0.999885923,1.000226005,1.00149715,0.998570988,1.001888436,1.007252674,1.002919004,1.005877611,1.001797333,1.001992552,1.008728122,1.00199982
1940,0.999907476,1.000180796,1.000839207,0.998819536,1.001219037,1.005793735,1.002333841,1.004696568,1.00143735,1.001593407,1.00697033,1.001268776
1960,0.999930606,1.000135591,1.000629273,0.999073112,1.000638873,1.004339016,1.00174936,1.003518295,1.001077625,1.001194579,1.005218654,1.000608933
1980,0.999953736,1.00009039,1.000419427,0.999381884,1.000425824,1.0028885,1.00116556,1.002342782,1.000718159,1.000796069,1.003473061,1.000405873
2000,0.999976867,1.000045193,1.00020967,0.999690846,1.000212867,1.001442167,1.000582441,1.001170021,1.000358951,1.000397876,1.00173352,1.000202895
2020,1,1,1,1,1,1,1,1,1,1,1,1
2040,1.000023134,0.999954811,0.999790418,1.000309345,0.999787224,0.998561981,0.999418237,0.998832711,0.999641307,0.99960244,0.998272469,0.999797187
2060,1.000046268,0.999909627,0.999580924,1.000618882,0.999574538,0.997128091,0.998837151,0.997668144,0.999282871,0.999205196,0.996550897,0.999594456
2080,1.000069404,0.999864446,0.999371518,1.00092861,0.999361943,0.995698314,0.998256739,0.996506289,0.998924692,0.998808268,0.994835252,0.999391808
2100,1.000092541,0.99981927,0.999162199,1.00123853,0.999149438,0.994272631,0.997677002,0.995347137,0.99856677,0.998411655,0.993125505,0.999189242
2120,1.000115679,0.999774097,0.998952968,1.001548641,0.998937023,0.992851025,0.997097938,0.994190679,0.998209104,0.998015357,0.991421624,0.998986757
2140,1.000138818,0.999728929,0.998743825,1.001858946,0.998724699,0.991433478,0.996519546,0.993036905,0.997851695,0.997619373,0.98972358,0.998784355
2160,1.000161958,0.999683765,0.99853477,1.002169442,0.998512465,0.990019973,0.995941824,0.991885806,0.997494541,0.997223704,0.988031342,0.998582035
2180,1.000185099,0.999638604,0.998325801,1.002480131,0.998300321,0.988610494,0.995364772,0.990737373,0.997137643,0.996828348,0.986344882,0.998379797
2200,1.000208241,0.999593448,0.998116921,1.002791012,0.998088268,0.987205021,0.994788388,0.989591595,0.996781,0.996433305,0.984664169,0.99817764
2220,1.000231384,0.999548296,0.997908127,1.003102087,0.997876304,0.98580354,0.994212672,0.988448465,0.996424612,0.996038576,0.982989174,0.997975566
2240,1.000254528,0.999503148,0.997699421,1.003413355,0.997664431,0.984406031,0.993637621,0.987307973,0.996068479,0.995644159,0.981319867,0.997773573
2260,1.000277674,0.999458005,0.997490802,1.003724815,0.997452647,0.98301248,0.993063235,0.986170109,0.995966278,0.995250054,0.979656221,0.997571662
2280,1.00030082,0.999412865,0.997282271,1.00403647,0.997240953,0.981622869,0.992489513,0.985286789,0.995905019,0.994856261,0.977998206,0.997369833
2300,1.000323968,0.999367729,0.997073827,1.004332725,0.997029349,0.98023718,0.991916453,0.984934346,0.995843768,0.99446278,0.976345794,0.997168085
2320,1.000347116,0.99939209,0.996865469,1.004626694,0.996817835,0.978855399,0.991344055,0.984582156,0.995782524,0.99406961,0.974698956,0.996966419
2340,1.000370266,0.999429851,0.996657199,1.004920835,0.996606411,0.977477507,0.990772317,0.984230217,0.995721288,0.99367675,0.973569014,0.996764835
2360,1.000393417,0.999467614,0.996449016,1.005215149,0.996395076,0.976103489,0.990201238,0.98387853,0.995660059,0.993284201,0.973037724,0.996563332
2380,1.000416568,0.99950538,0.99624092,1.005509635,0.996183831,0.974733329,0.989630817,0.983527094,0.995598838,0.992891962,0.972507014,0.996361911
2400,1.000461087,0.999543149,0.99603291,1.005804293,0.995972675,0.97336701,0.989061053,0.983175909,0.995537624,0.992500033,0.971976882,0.996160571
2420,1.000514484,0.99958092,0.995824988,1.006099124,0.995761609,0.972004516,0.988491944,0.982824974,0.995476418,0.992108413,0.971447328,0.995959312
2440,1.000567887,0.999618695,0.995617152,1.006394129,0.995550633,0.970645831,0.98792349,0.98247429,0.99541522,0.991717102,0.970918351,0.995758134
2460,1.000621295,0.999656472,0.995409403,1.006689306,0.995339746,0.969984256,0.98735569,0.982123856,0.995354029,0.9913261,0.970389949,0.995557038
2480,1.000674709,0.999694253,0.995201741,1.006984656,0.995128948,0.969553881,0.986788542,0.981773673,0.995292845,0.991095108,0.969862122,0.995356023
2500,1.000728129,0.999732036,0.994994166,1.007277214,0.994918239,0.969123887,0.986222045,0.981423738,0.995231669,0.990930477,0.969334869,0.99515509
2520,1.000781554,0.999769822,0.994786676,1.007547841,0.99470762,0.968694275,0.985656198,0.981074053,0.995170501,0.990765902,0.968808189,0.994954237
2540,1.000834985,0.999807611,0.994645258,1.007818613,0.994497089,0.968265043,0.985542804,0.980724618,0.99510934,0.990601381,0.968282082,0.994753465
2560,1.000888422,0.999845402,0.99464017,1.008089531,0.994291011,0.967836192,0.985493457,0.980375431,0.995048186,0.990436915,0.967756545,0.994552775
2580,1.000941865,0.999883197,0.994635081,1.008360595,0.994238982,0.96740772,0.985444115,0.980026492,0.99498704,0.990272503,0.967231578,0.994352165
2600,1.000995313,0.999920994,0.994629993,1.008631805,0.994186958,0.966979627,0.985394777,0.979677802,0.994925902,0.990108146,0.966707181,0.994151636
2620,1.001048767,0.999958795,0.994624905,1.00890316,0.994134939,0.966551914,0.985345445,0.97932936,0.994864771,0.989943843,0.966183351,0.993951189
2640,1.001102226,0.999996598,0.994619816,1.009174662,0.994082926,0.966124578,0.985296117,0.978981166,0.994803647,0.989779595,0.96566009,0.993750821
2660,1.001155692,1.000034404,0.994614728,1.009446309,0.994030918,0.96569762,0.985246794,0.978633219,0.994742532,0.989615402,0.965137394,0.993789445
2680,1.001209163,1.000072213,0.99460964,1.009718103,0.993978916,0.965271039,0.985197477,0.97828552,0.994681423,0.989451262,0.964615265,0.993853898
2700,1.00126264,1.000110024,0.994604552,1.009990044,0.99392692,0.964844835,0.985148164,0.977938067,0.994620322,0.989287178,0.9640937,0.99391836
2720,1.001316122,1.000147839,0.994599464,1.010262131,0.993874928,0.964419007,0.985098856,0.977590861,0.994559229,0.989123148,0.963572698,0.993982831
2740,1.00136961,1.000185656,0.994594376,1.010534364,0.993822942,0.963993555,0.985049553,0.977243902,0.994498143,0.988959172,0.96305226,0.994047309
2760,1.001423104,1.000223477,0.994589288,1.010806745,0.993770962,0.963568478,0.985000255,0.976897189,0.994437065,0.98879525,0.962532383,0.994111796
2780,1.001476604,1.0002613,0.9945842,1.011079272,0.993718987,0.963143776,0.984950962,0.976550722,0.994375994,0.988631383,0.962013067,0.994176292
2800,1.001530109,1.000299126,0.994579112,1.011351946,0.993667018,0.962719448,0.984901674,0.9762045,0.99431493,0.98846757,0.961494312,0.994240796
2820,1.001583621,1.000336955,0.994574025,1.011626479,0.993615053,0.962295494,0.984852391,0.975858524,0.994253875,0.988303812,0.960976115,0.994305308
2840,1.001637137,1.000374786,0.994568937,1.011923154,0.993563095,0.961871913,0.984803112,0.975512793,0.994192826,0.988140107,0.960458477,0.994369829
2860,1.001692381,1.000438191,0.994563849,1.012220004,0.993511142,0.961448705,0.984753839,0.975167307,0.994131785,0.987976457,0.959941396,0.994434358
2880,1.001749036,1.000526132,0.994558761,1.012517028,0.993459194,0.961025869,0.984704571,0.974822065,0.994070752,0.987812861,0.959424872,0.994498895
2900,1.001805697,1.000614088,0.994553674,1.012814226,0.993407251,0.960603405,0.984655307,0.974477068,0.994009726,0.987649319,0.958908903,0.994563441
2920,1.001862364,1.000702059,0.994548586,1.013111599,0.993355314,0.960181312,0.984606049,0.974132315,0.993948708,0.987485832,0.958393489,0.994627995
2940,1.001919038,1.000790046,0.994543499,1.013409147,0.993303383,0.959759589,0.984556795,0.973787806,0.993887697,0.987322398,0.957878628,0.994692557
2960,1.001975718,1.000878048,0.994538411,1.013706869,0.993251457,0.959338237,0.984507546,0.97344354,0.993826693,0.987159019,0.957364321,0.994757128
2980,1.002032405,1.000966066,0.994533324,1.014004766,0.993199536,0.958917255,0.984458303,0.973099518,0.993765697,0.986995694,0.956850565,0.994821707
3000,1.002089098,1.0010541,0.994528237,1.014302839,0.993147621,0.958496642,0.984409064,0.972755739,0.993704709,0.986832422,0.956337361,0.994886295
3020,1.002145797,1.001142148,0.994523149,1.014601087,0.993095711,0.958076398,0.98435983,0.972412203,0.993643728,0.986669205,0.955824707,0.994950891
3040,1.002202503,1.001230213,0.994518062,1.01489951,0.993043807,0.957656523,0.984310601,0.972068909,0.993582755,0.986506042,0.955312602,0.995015495
3060,1.002259215,1.001318292,0.994512975,1.015198109,0.992991908,0.957237015,0.984261377,0.971725857,0.993521789,0.986342932,0.954801045,0.995080108
3080,1.002315934,1.001406388,0.994507888,1.015496883,0.992940014,0.956817875,0.984212158,0.971383048,0.99346083,0.986179877,0.954290037,0.995144729
3100,1.002372659,1.001494498,0.994502801,1.015795834,0.992888126,0.956399101,0.984162943,0.97104048,0.993399879,0.986016875,0.953779574,0.995209359
3120,1.002429391,1.001582625,0.994502494,1.01609496,0.992836244,0.955980694,0.984113734,0.970698154,0.993338936,0.985853928,0.953269658,0.995273997
3140,1.002486128,1.001670766,0.994558938,1.016398068,0.992784366,0.955562653,0.98406453,0.970356069,0.993277999,0.985691034,0.952760287,0.995338643
3160,1.002542873,1.001758924,0.994615387,1.016714864,0.992756895,0.955144977,0.98401533,0.970014225,0.993217071,0.985528194,0.952251459,0.995403298
3180,1.002599624,1.001847096,0.994671843,1.017031858,0.992805103,0.954727666,0.983966136,0.969672622,0.99315615,0.985365408,0.951743175,0.995467961
3200,1.002656381,1.001935285,0.994728306,1.01734905,0.992853316,0.95431072,0.983916946,0.96933126,0.993095236,0.985202675,0.951235433,0.995532633
3220,1.002713145,1.002023489,0.994784775,1.017666439,0.992901534,0.953894138,0.983867761,0.968990138,0.99303433,0.985039997,0.950728233,0.995597313
3240,1.002769915,1.002111708,0.99484125,1.017984027,0.992949757,0.953477919,0.983818582,0.968649255,0.992973431,0.985031461,0.950221573,0.995662001
3260,1.002826691,1.002199943,0.994897732,1.018301813,0.992997984,0.953062063,0.983769407,0.968308613,0.99291254,0.985075755,0.949715453,0.995726698
3280,1.002883474,1.002288193,0.99495422,1.018619797,0.993046216,0.95264657,0.983720237,0.96796821,0.992851656,0.985120054,0.949209872,0.995791403
3300,1.002940263,1.002376459,0.995010715,1.01893798,0.993094452,0.952231439,0.983671072,0.967628046,0.99279078,0.985164356,0.948704829,0.995856117
3320,1.003011252,1.002464741,0.995067216,1.019256362,0.993142693,0.95181667,0.983621912,0.967288121,0.992729911,0.985208662,0.948200323,0.995920839
3340,1.003098658,1.002553038,0.995123723,1.019574943,0.993190939,0.951402262,0.983572756,0.966948435,0.99273479,0.985252973,0.947696353,0.995985569
3360,1.00318608,1.002641351,0.995180237,1.019893723,0.99323919,0.950988214,0.983523606,0.966825463,0.992805865,0.985297287,0.947192919,0.996050308
3380,1.003273516,1.002729679,0.995236757,1.020212702,0.993287445,0.950574527,0.983474461,0.96673223,0.99287695,0.985341605,0.946690019,0.996115055
3400,1.003360968,1.002816976,0.995293284,1.020531881,0.993335705,0.9501612,0.983447059,0.966639015,0.992948046,0.985385927,0.946187653,0.996179811
3420,1.003448435,1.002903096,0.995349817,1.02085126,0.99338397,0.949748232,0.983439809,0.966545818,0.993019152,0.985430253,0.94568582,0.996244575
3440,1.003535917,1.00298923,0.995406356,1.021170839,0.993432239,0.949335622,0.98343256,0.966452638,0.993090268,0.985474584,0.945184519,0.996309348
3460,1.003623415,1.003075379,0.995462902,1.021438626,0.993480514,0.948923371,0.98342531,0.966359477,0.993161394,0.985518918,0.944683749,0.996374129
3480,1.003710928,1.003161543,0.995519455,1.021665375,0.993528792,0.948511478,0.983418061,0.966266334,0.99323253,0.985563256,0.94418351,0.996444651
3500,1.003798456,1.003247722,0.995576013,1.021892223,0.993577076,0.948099943,0.983410812,0.966173209,0.993303676,0.985607598,0.9436838,0.99652272
3520,1.003885999,1.003333915,0.995632578,1.022119173,0.993625364,0.947688764,0.983403563,0.966080101,0.993374833,0.985651944,0.943184618,0.996600801
3540,1.003973558,1.003420124,0.99568915,1.022346223,0.993673657,0.947277942,0.983396314,0.965987012,0.993446,0.985696294,0.942857449,0.996678894
3560,1.004061132,1.003506347,0.995745728,1.022573375,0.993721954,0.947010059,0.983389065,0.965893941,0.993517177,0.985740649,0.942560219,0.996757
3580,1.004148721,1.003592585,0.995802313,1.022800627,0.993770257,0.946917379,0.983381816,0.965800887,0.993588364,0.985785007,0.942263175,0.996835117
3600,1.004236325,1.003678838,0.995858904,1.02302798,0.993818564,0.946824718,0.983374567,0.965707852,0.993659562,0.985829369,0.941966319,0.996913247
3620,1.004323945,1.003765106,0.995915501,1.023255435,0.993866875,0.946732075,0.983367319,0.965614834,0.993730769,0.985873735,0.94166965,0.99699139
3640,1.00441158,1.003851388,0.995972105,1.02348299,0.993915192,0.94663945,0.98336007,0.965521834,0.993801987,0.985918105,0.941373168,0.997069544
3660,1.004499231,1.003937686,0.996028715,1.023710647,0.993963513,0.946546843,0.983352822,0.965428852,0.993873215,0.985962479,0.941076872,0.997147711
3680,1.004586896,1.004023998,0.996085332,1.023938405,0.994011838,0.946454254,0.983345574,0.965335888,0.993944453,0.986006857,0.940780763,0.99722589
3700,1.004674577,1.004110325,0.996177086,1.024166265,0.994083524,0.946361683,0.983338326,0.965242942,0.994015702,0.986051239,0.94048484,0.997304081
3720,1.004762273,1.004196667,0.996379397,1.024394225,0.994171585,0.94626913,0.983331078,0.965150014,0.994086961,0.986095625,0.940189104,0.997382285
3740,1.004849985,1.004283023,0.996581791,1.024622288,0.994259662,0.946176596,0.98332383,0.965057104,0.994158229,0.986140015,0.939893553,0.997460501
3760,1.004937712,1.004369395,0.996784267,1.024850452,0.994347755,0.946084079,0.983316582,0.964964212,0.994229509,0.98618441,0.939598188,0.997538729
3780,1.004997798,1.004455781,0.996986825,1.025087881,0.994435864,0.945991581,0.983309334,0.964871337,0.994300798,0.986228808,0.939303008,0.997616969
3800,1.005036828,1.004542183,0.997189465,1.025327827,0.994523988,0.945899101,0.983302086,0.964778481,0.994372098,0.98627321,0.939008014,0.997695222
3820,1.005075861,1.004628599,0.997392188,1.025567884,0.994612127,0.945806638,0.983294839,0.964685642,0.994443407,0.986317616,0.938713205,0.997773487
3840,1.005114897,1.00471503,0.997594993,1.025808054,0.994700282,0.945714194,0.983287591,0.964592821,0.994514727,0.986362026,0.938418581,0.997851764
3860,1.005153936,1.004801476,0.997797881,1.026048337,0.994788453,0.945621768,0.983280344,0.964500018,0.994586058,0.98640644,0.938124143,0.997930054
3880,1.005192978,1.004887937,0.998000852,1.026288732,0.99487664,0.94552936,0.983273097,0.964407233,0.994657398,0.986450858,0.937829888,0.998008355
3900,1.005232023,1.004974412,0.998203904,1.02652924,0.994964842,0.94543697,0.98326585,0.964314466,0.994728749,0.98649528,0.937535819,0.998086669
3920,1.005271071,1.005060903,0.99840704,1.026769861,0.99505306,0.945344598,0.983258603,0.964221716,0.99480011,0.986539706,0.937241933,0.998164996
3940,1.005310123,1.00518302,0.998610258,1.027010594,0.995141293,0.945252245,0.983251356,0.964128985,0.994871481,0.986584136,0.936948232,0.998243334
3960,1.005349177,1.005327167,0.998813559,1.027251441,0.995229542,0.945159909,0.983244109,0.964036271,0.994942863,0.98662857,0.936654715,0.998321685
3980,1.005388234,1.005471355,0.999016943,1.02752824,0.995317807,0.945067591,0.983236863,0.963943575,0.995014254,0.986673008,0.936361382,0.998400049
4000,1.005427295,1.005615585,0.99922041,1.027867563,0.995406087,0.944975291,0.983229616,0.963850897,0.995085656,0.98671745,0.936068232,0.998478424
4020,1.005466358,1.005759856,0.999423959,1.02820711,0.995494384,0.94488301,0.98322237,0.963758237,0.995157068,0.986761896,0.935775266,0.998556812
4040,1.005505424,1.005904169,0.999627592,1.028546882,0.995582695,0.944790746,0.98320792,0.963665594,0.995228491,0.986806346,0.935482483,0.998635212
4060,1.005544494,1.006048523,0.999831307,1.028886878,0.995671023,0.9446985,0.983155224,0.96357297,0.995299924,0.986850801,0.935189884,0.998713625
4080,1.005583566,1.006192918,1.000035106,1.0292271,0.995759366,0.944606273,0.983102534,0.963480363,0.995371366,0.986900912,0.934897467,0.99879205
4100,1.005622642,1.006337355,1.000238987,1.029567546,0.995847724,0.944514063,0.983049849,0.963387774,0.99544282,0.986969959,0.934605233,0.998870487
4120,1.00566172,1.006481834,1.000442952,1.029908218,0.995936099,0.944421871,0.98299717,0.963295202,0.995514283,0.987039014,0.934313182,0.998948936
4140,1.005700802,1.006626353,1.000647,1.030249115,0.996024489,0.944329698,0.982944497,0.963202649,0.995585757,0.98710808,0.934021313,0.998885991
4160,1.005739887,1.006770915,1.000851131,1.030590237,0.996112895,0.944237542,0.982891829,0.963110113,0.995657241,0.987177155,0.933729627,0.998684804
4180,1.005778974,1.006915518,1.001055346,1.030931586,0.996201316,0.944145404,0.982839167,0.963048602,0.995728735,0.98724624,0.933438122,0.998483699
4200,1.005818065,1.007060162,1.001259644,1.031273161,0.996289754,0.944053285,0.982786511,0.963036342,0.99580024,0.987315334,0.9331468,0.998282674
4220,1.005857159,1.007204848,1.001464025,1.031614963,0.996395295,0.943961183,0.98273386,0.963024083,0.995871754,0.987384438,0.932855659,0.99808173
4240,1.005892417,1.007349576,1.00166849,1.031956991,0.996560961,0.943869099,0.982681215,0.963011824,0.99594328,0.987453552,0.932564701,0.997880868
4260,1.005924282,1.007494345,1.001862548,1.032299246,0.996726683,0.943777033,0.982628575,0.962999565,0.996014815,0.987522675,0.932273923,0.997680086
4280,1.005956148,1.007639156,1.002028926,1.032644086,0.996892459,0.943684985,0.982575941,0.962987306,0.99608636,0.987591808,0.931983327,0.997479384
4300,1.005988017,1.007784008,1.002195359,1.033006864,0.99705829,0.943592956,0.982523313,0.962975048,0.996157916,0.987660951,0.931692912,0.997278764
4320,1.006019888,1.007928902,1.002361848,1.033369897,0.997224177,0.943500944,0.98247069,0.96296279,0.996229483,0.987730104,0.931402677,0.997078224
4340,1.006051761,1.008073838,1.002528392,1.033733185,0.997390119,0.94340895,0.982418073,0.962950532,0.996301059,0.987799266,0.931112624,0.996877765
4360,1.006083635,1.008218816,1.002694991,1.034096729,0.997556116,0.943316974,0.982365462,0.962938275,0.996372646,0.987868438,0.930822751,0.996677386
4380,1.006115512,1.008363835,1.002861646,1.034460528,0.997722168,0.943225016,0.982312856,0.962926018,0.996444243,0.987937619,0.930533059,0.996477088
4400,1.006147391,1.008508896,1.003028355,1.034824584,0.997888276,0.943133075,0.982260256,0.962913761,0.996527552,0.988006811,0.930243547,0.996276871
4420,1.006179272,1.008653998,1.003195121,1.035188896,0.998054439,0.943041153,0.982207662,0.962901505,0.996632667,0.988076012,0.929954215,0.996076734
4440,1.006211155,1.008799143,1.003361942,1.035553464,0.998220657,0.942949249,0.982155073,0.962889249,0.996737804,0.988145222,0.929665062,0.995876677
4460,1.00624304,1.008936353,1.003528818,1.03591829,0.998386931,0.942857362,0.98210249,0.962876993,0.996842964,0.988214443,0.92937609,0.9956767
4480,1.006274927,1.009027914,1.00369575,1.036283372,0.99855326,0.942765494,0.982049912,0.962864737,0.996948145,0.988283673,0.929087297,0.995476804
4500,1.006306816,1.009119492,1.003862737,1.036648712,0.998719645,0.942673643,0.98199734,0.962852482,0.997053349,0.988352912,0.928798684,0.995276988
4520,1.006338707,1.009211086,1.00402978,1.03701431,0.998886085,0.94258181,0.981944774,0.962840228,0.997158575,0.988422162,0.92851025,0.995077253
4540,1.0063706,1.009302698,1.004196879,1.037380166,0.99905258,0.942489996,0.981892213,0.962827973,0.997263823,0.988491421,0.928221995,0.994877597
4560,1.006402495,1.009394325,1.004364033,1.03774628,0.999219131,0.942398199,0.981839658,0.962815719,0.997369093,0.98856069,0.927933919,0.994678022
4580,1.006434392,1.00948597,1.004531243,1.038103075,0.999385738,0.94230642,0.981787109,0.962803465,0.997474385,0.988629968,0.927646021,0.994478527
4600,1.006466291,1.009577631,1.004698509,1.038357304,0.9995524,0.942214658,0.981734565,0.962791211,0.9975797,0.988699256,0.927358303,0.994279111
4620,1.006498192,1.009669308,1.00486583,1.038611657,0.999719118,0.942122915,0.981682027,0.962778958,0.997685037,0.988768554,0.927070762,0.994079776
4640,1.006530095,1.009761003,1.005033207,1.038866135,0.999885891,0.942031189,0.981629494,0.962766705,0.997790396,0.988837862,0.9267834,0.99388052
4660,1.006562,1.009852714,1.00520064,1.039120738,1.00005272,0.941958267,0.981576967,0.962754452,0.997895778,0.98890718,0.926496216,0.993681345
4680,1.006593907,1.009944441,1.005368128,1.039375466,1.000219604,0.941989952,0.981524446,0.9627422,0.998001182,0.988976507,0.92620921,0.993482249
4700,1.006620852,1.010036185,1.005535673,1.039630318,1.000386545,0.94202164,0.98147193,0.962729948,0.998106608,0.989045843,0.925922382,0.993283233
4720,1.006642758,1.010127946,1.005703273,1.039885296,1.000553541,0.942053329,0.98141942,0.962717696,0.998212056,0.98911519,0.925635731,0.993084297
4740,1.006664665,1.010219724,1.005870929,1.040140399,1.000719982,0.942085021,0.981366916,0.962705445,0.998317527,0.989184546,0.925507877,0.99288544
4760,1.006686573,1.010311518,1.006038641,1.040395627,1.000885707,0.942116714,0.981314417,0.962693194,0.99842302,0.989253912,0.925472911,0.992686663
4780,1.006708481,1.010403329,1.006206409,1.04065098,1.001051487,0.94214841,0.981261923,0.962680943,0.998528535,0.989323288,0.925437948,0.992487966
4800,1.006730391,1.010495157,1.006374233,1.040906458,1.001217323,0.942180108,0.981209436,0.962668692,0.998634072,0.989392674,0.925402988,0.992289348
4820,1.006752302,1.010587001,1.006557196,1.041162062,1.001383213,0.942211808,0.981156954,0.962656442,0.998739632,0.989462069,0.92536803,0.992090809
4840,1.006774214,1.010678862,1.006765053,1.041417792,1.001549158,0.94224351,0.981104477,0.962644192,0.998845214,0.989531474,0.925333075,0.99189235
4860,1.006796126,1.01077074,1.006972996,1.041673647,1.001715158,0.942275215,0.981052007,0.962631943,0.998950819,0.989600888,0.925298122,0.991693971
4880,1.00681804,1.010862635,1.007181025,1.041929628,1.001881214,0.942306921,0.980999542,0.962619694,0.999056445,0.989670313,0.925263173,0.991495671
4900,1.006839955,1.010954546,1.007389139,1.042142115,1.002047324,0.94233863,0.980947082,0.962607445,0.999162095,0.989739747,0.925228225,0.99129745
4920,1.00686187,1.011046474,1.00759734,1.042346295,1.002213489,0.942370341,0.980964244,0.962595196,0.999267766,0.98980862,0.925193281,0.991099308
4940,1.006883787,1.011138418,1.007805627,1.042550556,1.00237971,0.942402054,0.981053359,0.962582948,0.99937346,0.989873792,0.925158339,0.990901245
4960,1.006905704,1.01123038,1.008014,1.042754896,1.002545985,0.942433769,0.981142491,0.9625707,0.999479176,0.989938971,0.9251234,0.990703262
4980,1.006927622,1.011322358,1.008222459,1.042959317,1.002712316,0.942465486,0.981231639,0.962558452,0.999584915,0.99000416,0.925088463,0.990505358
5000,1.006949542,1.01144049,1.008431005,1.043163818,1.002878702,0.942497205,0.981320803,0.962546205,0.999690675,0.990069357,0.925053529,0.990307532
5020,1.006971462,1.011575103,1.008639636,1.043368399,1.003045144,0.942528927,0.981409983,0.962533958,0.999796459,0.990134562,0.925018598,0.990204813
5040,1.006993383,1.011709751,1.008848354,1.04357306,1.00321164,0.94256065,0.981499179,0.962521711,0.999902264,0.990199776,0.924983669,0.990167677
5060,1.007015305,1.011844435,1.009057159,1.043777801,1.003378192,0.942592376,0.981588392,0.962509465,1.000008093,0.990264999,0.924948743,0.990130543
5080,1.007037228,1.011979155,1.00926605,1.043982623,1.003544799,0.942624104,0.981677621,0.962497219,1.000113943,0.99033023,0.924913819,0.990093412
5100,1.007059153,1.012113911,1.009475027,1.044187526,1.003711462,0.942655834,0.981766866,0.962484973,1.000219816,0.99039547,0.924878899,0.990056284
5120,1.007081078,1.012248703,1.009684091,1.044392508,1.003878179,0.942687566,0.981856127,0.962472727,1.000325711,0.990460718,0.92484398,0.990019158
5140,1.007103004,1.012383531,1.009893242,1.044597572,1.004044953,0.9427193,0.981945405,0.962460482,1.000431629,0.990525976,0.924809065,0.989982035
5160,1.007131706,1.012518395,1.010102479,1.044802715,1.004211781,0.942751036,0.982034699,0.962448237,1.000537569,0.990591241,0.924774152,0.989944915
5180,1.007169146,1.012653294,1.010311803,1.04500794,1.004378665,0.942782775,0.982124009,0.962435993,1.000643532,0.990656515,0.924739242,0.989907798
5200,1.007206588,1.01278823,1.010521214,1.045286427,1.004545605,0.942814516,0.982213335,0.962423748,1.000749517,0.990721798,0.924704334,0.989870684
5220,1.007244034,1.012923201,1.010730711,1.045633065,1.0047126,0.942846258,0.982302677,0.962411504,1.000855524,0.99078709,0.924669429,0.989833572
5240,1.007281482,1.013058209,1.010940296,1.045979933,1.00487965,0.942878003,0.982392036,0.962399261,1.000961554,0.99085239,0.924634527,0.989796464
5260,1.007318933,1.013193252,1.011149967,1.046327031,1.005082047,0.94290975,0.982481411,0.962494124,1.001067607,0.990917699,0.924599627,0.989759358
5280,1.007356387,1.013328332,1.011359725,1.04667436,1.005289605,0.9429415,0.982570802,0.962593542,1.001173682,0.990983016,0.92456473,0.989722254
5300,1.007393843,1.013463447,1.011569571,1.047021919,1.005497249,0.942973251,0.98266021,0.962692981,1.001279779,0.991048342,0.924529835,0.989685154
5320,1.007431302,1.013598599,1.011779503,1.047369709,1.005704979,0.943005004,0.982749634,0.962792441,1.001385899,0.991113676,0.924494944,0.989648056
5340,1.007468764,1.013733787,1.011989523,1.047717731,1.005912795,0.94303676,0.982839074,0.962891921,1.001492042,0.991179019,0.924460054,0.989610961
5360,1.007506229,1.01386901,1.012200134,1.048065983,1.006120697,0.943068518,0.98292853,0.962991421,1.001598206,0.991244371,0.924425168,0.989573869
5380,1.007543697,1.01400427,1.012437448,1.048414468,1.006328685,0.943100278,0.983018003,0.963090942,1.001704394,0.991309732,0.924390284,0.98953678
5400,1.007581167,1.014139566,1.012674872,1.048642404,1.006536758,0.94313204,0.983107492,0.963190484,1.001810604,0.991375101,0.924355403,0.989499693
5420,1.007618641,1.014274898,1.012912408,1.04881774,1.006744918,0.943163804,0.983196997,0.963290046,1.001916836,0.991440478,0.924320524,0.98946261
5440,1.007656117,1.014410266,1.013150056,1.048993134,1.006953164,0.94319557,0.983286519,0.963389629,1.002027692,0.991505864,0.924285648,0.989425529
5460,1.007693596,1.01454567,1.013387815,1.049168587,1.007161496,0.943227339,0.983376057,0.963489233,1.002195709,0.991571259,0.924250774,0.989388451
5480,1.007731077,1.014681111,1.013625685,1.049344098,1.007369914,0.943259109,0.983465611,0.963588857,1.002363781,0.991640657,0.924215904,0.989351375
5500,1.007768562,1.014816587,1.013863667,1.049519668,1.007578419,0.943290882,0.983555181,0.963688501,1.002531911,0.991729077,0.924181036,0.989314303
5520,1.007806049,1.014949498,1.014101761,1.049695297,1.00778701,0.943322657,0.983644768,0.963788167,1.002700096,0.991817512,0.92414617,0.989277233
5540,1.007843539,1.015078967,1.014339967,1.049870985,1.007995687,0.943354434,0.983734371,0.963887852,1.002868339,0.991905964,0.924111307,0.989240166
5560,1.007881031,1.015208468,1.014578285,1.050046732,1.00820445,0.943386213,0.983823991,0.963987559,1.003036637,0.99199443,0.924076447,0.989203101
5580,1.007918527,1.015338003,1.014816715,1.050222537,1.008413301,0.943417995,0.983913627,0.964087286,1.003204992,0.992082913,0.924041589,0.98916604
5600,1.007956025,1.015467571,1.015055257,1.050398401,1.008622237,0.943449778,0.984003279,0.964187034,1.003373404,0.992171412,0.924006734,0.989128981
5620,1.007961149,1.015597171,1.015293911,1.050574325,1.008831261,0.943481564,0.984092947,0.964286802,1.003541872,0.992259926,0.923971882,0.989091925
5640,1.007941232,1.015726805,1.015532678,1.050750307,1.009040371,0.943541867,0.984182632,0.964386591,1.003710397,0.992348456,0.923937032,0.989054872
5660,1.007921315,1.015856472,1.015771556,1.050926348,1.009249567,0.943626873,0.984272333,0.964486401,1.003878978,0.992437002,0.923902185,0.989017821
5680,1.007901399,1.015986172,1.016010547,1.051102448,1.009458851,0.943711894,0.984362051,0.964586231,1.004047616,0.992525564,0.923867341,0.988980774
5700,1.007881484,1.016115905,1.016249651,1.051344748,1.009668221,0.943796931,0.984451785,0.964686082,1.004216311,0.992614141,0.923832499,0.989002064
5720,1.00786157,1.016245672,1.016488867,1.051677034,1.009877678,0.943881983,0.984541535,0.964785954,1.004385062,0.992702734,0.92379766,0.989069265
5740,1.007841656,1.016375471,1.016728196,1.05200953,1.010087222,0.94396705,0.984631301,0.964885847,1.00455387,0.992791344,0.923762823,0.989136474
5760,1.007821743,1.016505304,1.016967637,1.052342237,1.010296853,0.944052133,0.984751092,0.96498576,1.004722735,0.992879969,0.923727989,0.989203693
5780,1.007801831,1.016635169,1.017207192,1.052675154,1.010506571,0.944137231,0.984915696,0.965085693,1.004891657,0.992968609,0.923693158,0.989270921
5800,1.00778192,1.016765068,1.017446859,1.053008281,1.010716376,0.944222344,0.985080356,0.965185648,1.005060635,0.993057266,0.923658329,0.989338158
5820,1.00776201,1.016895,1.017686639,1.05334162,1.010926269,0.944307473,0.98524507,0.965285623,1.005229671,0.993145938,0.923623503,0.989405404
5840,1.0077421,1.017024966,1.017926532,1.053675169,1.011136248,0.944392617,0.98540984,0.965385619,1.005398763,0.993234627,0.92358868,0.989472659
5860,1.007722191,1.017154964,1.018166539,1.05400893,1.011346315,0.944477776,0.985574665,0.965485636,1.005567912,0.993323331,0.923553859,0.989539923
5880,1.007702283,1.017284996,1.018406658,1.054342902,1.011556469,0.944562951,0.985739545,0.965585673,1.005737118,0.993412051,0.923516895,0.989607197
5900,1.007682376,1.017415061,1.018650156,1.054677086,1.01176671,0.944648141,0.98590448,0.965685731,1.005906381,0.993500787,0.923463915,0.98967448
5920,1.007662469,1.01754516,1.018910008,1.055011483,1.011977039,0.944733346,0.98606947,0.96578581,1.006075701,0.993589538,0.923410941,0.989741772
5940,1.007642564,1.017675291,1.019169993,1.055346091,1.012187455,0.944818567,0.986234516,0.965885909,1.006245078,0.993678306,0.923357972,0.989809073
5960,1.007622659,1.017805456,1.01943011,1.055680911,1.012397959,0.944903803,0.986399616,0.96598603,1.006414511,0.993767089,0.92330501,0.989876383
5980,1.007602755,1.017935654,1.01969036,1.056015944,1.012608551,0.944989055,0.986564772,0.966086171,1.006584003,0.993855888,0.923252054,0.989943702
6000,1.007582851,1.018065886,1.019950743,1.056283803,1.012815315,0.945074322,0.986729984,0.966186333,1.006753551,0.993944703,0.923199104,0.990011031
6020,1.007562949,1.018196151,1.020211259,1.056539743,1.013015159,0.945159604,0.986895251,0.966286515,1.006923156,0.994033534,0.923146159,0.990078368
6040,1.007543047,1.018330758,1.020471908,1.056795807,1.013215082,0.945244902,0.987060573,0.966386719,1.007092818,0.994122381,0.923093221,0.990145715
6060,1.007523146,1.018470603,1.02073269,1.057051995,1.013415085,0.945330215,0.98722595,0.966486943,1.007262538,0.994211244,0.92304029,0.990213071
6080,1.007514824,1.018610486,1.020993606,1.057308307,1.013615166,0.945415543,0.987391383,0.966587188,1.007432315,0.994300123,0.922987364,0.990280436
6100,1.007538333,1.018750407,1.021254655,1.057564744,1.013815326,0.945500887,0.987556872,0.966687454,1.007602149,0.994389017,0.922934444,0.99034781
6120,1.007561842,1.018890367,1.021515837,1.057821305,1.014015565,0.945586247,0.987722415,0.96678774,1.00777204,0.994477928,0.92288153,0.990415194
6140,1.007585352,1.019030365,1.021777153,1.058077991,1.014215883,0.945671621,0.987888015,0.966888047,1.007941989,0.994566854,0.922828623,0.990482586
6160,1.007608863,1.019170402,1.022038603,1.058334801,1.014416281,0.945757012,0.98805367,0.966988376,1.008111995,0.994655796,0.922775721,0.990549988
6180,1.007632376,1.019310477,1.022300187,1.058591736,1.014616758,0.945842417,0.98821938,0.967088725,1.008282058,0.994744754,0.922722825,0.990617399
6200,1.00765589,1.019450591,1.022561905,1.058848795,1.014817314,0.945927838,0.988385146,0.967189094,1.008452179,0.994833728,0.922669936,0.990684819
6220,1.007679404,1.019590744,1.022823756,1.05910598,1.015017949,0.946013275,0.988550968,0.967289485,1.008622357,0.994922718,0.922617053,0.990752249
6240,1.00770292,1.019730934,1.023085742,1.059363289,1.015218664,0.946098727,0.988716845,0.967389897,1.008792592,0.995011724,0.922564175,0.990819687
6260,1.007726437,1.019871164,1.023347862,1.059620724,1.015419458,0.946184194,0.988882779,0.967490329,1.008962885,0.995100746,0.922511304,0.990887135
6280,1.007749955,1.020011432,1.023610117,1.059878284,1.015620331,0.946269677,0.989048767,0.967585904,1.009133236,0.995189784,0.922458439,0.990954592
6300,1.007773474,1.020151738,1.023872506,1.060135969,1.015821284,0.946355175,0.989214812,0.967672623,1.009303644,0.995278838,0.92240558,0.991022058
6320,1.007796994,1.020292084,1.024135029,1.060393779,1.016022317,0.946440688,0.989380912,0.967759357,1.00947411,0.99544465,0.922352727,0.991089533
6340,1.007820516,1.020432467,1.024397687,1.060651714,1.016223429,0.946526218,0.989547068,0.967846107,1.009644633,0.995639671,0.92229988,0.991157017
6360,1.007844038,1.02057289,1.02466048,1.060909776,1.01642462,0.946611762,0.98971328,0.967932873,1.009815214,0.995834769,0.922247039,0.991192535
6380,1.007867562,1.020713351,1.024923408,1.061167962,1.016625892,0.946697322,0.989891754,0.968019654,1.009985852,0.996029943,0.922194204,0.991202979
6400,1.007891086,1.020853851,1.02518647,1.061426275,1.016827243,0.946782898,0.990074003,0.968106451,1.010156548,0.996225194,0.922141375,0.991213422
6420,1.007914612,1.020994389,1.025449668,1.061684713,1.017028674,0.946868489,0.990256318,0.968193263,1.010327302,0.996420522,0.922088552,0.991223866
6440,1.007938139,1.021134966,1.02569837,1.061943277,1.017230184,0.946954095,0.990438701,0.968280091,1.010498114,0.996615926,0.922035735,0.991234309
6460,1.007961667,1.021275582,1.025943621,1.062201968,1.017431775,0.947039717,0.990621151,0.968366934,1.010648803,0.996811406,0.921982924,0.991244754
6480,1.007985196,1.021416237,1.02618899,1.062460784,1.017633446,0.947125355,0.990803668,0.968453793,1.010762958,0.997006964,0.92193012,0.991255198
6500,1.008008726,1.02155693,1.026434476,1.062719726,1.01784842,0.947211007,0.990986253,0.968540668,1.010877139,0.997202598,0.921877321,0.991265642
6520,1.008032257,1.021697662,1.026680079,1.062978795,1.018072761,0.947296676,0.991168904,0.968627558,1.010991346,0.997398309,0.921824529,0.991276087
6540,1.008058585,1.021838433,1.0269258,1.06323799,1.0182972,0.94738236,0.991351623,0.968714464,1.011105578,0.997594097,0.921771742,0.991286532
6560,1.008092319,1.021982405,1.027171639,1.063497311,1.018521738,0.947468059,0.99153441,0.968801385,1.011219837,0.997789961,0.921718962,0.991296977
6580,1.008126056,1.022128106,1.027417595,1.063773846,1.018746375,0.947553774,0.991717264,0.968888322,1.011334121,0.997985903,0.921666187,0.991307423
6600,1.008159795,1.022273849,1.02766367,1.064072867,1.018971111,0.947639505,0.991900185,0.968975274,1.011448431,0.998181921,0.921613419,0.991317868
6620,1.008193536,1.022419633,1.027909862,1.064372057,1.019195946,0.94772525,0.992083174,0.969062243,1.011562767,0.998378017,0.921560656,0.991328314
6640,1.008227279,1.022565459,1.028156172,1.064671414,1.019420881,0.947811012,0.99226623,0.969149226,1.011677128,0.99857419,0.9215079,0.99133876
6660,1.008261025,1.022711327,1.0284026,1.06497094,1.019645915,0.94793158,0.992449354,0.969236226,1.011791516,0.998770439,0.92145515,0.991349206
6680,1.008294773,1.022857236,1.028649146,1.065270635,1.019871048,0.948078193,0.992632546,0.969323241,1.011905929,0.998966766,0.921402406,0.991359653
6700,1.008328523,1.023003187,1.028895811,1.065570499,1.020096281,0.948224851,0.992815805,0.969410271,1.012020369,0.99916317,0.921349667,0.9913701
6720,1.008362275,1.02314918,1.029142594,1.065870531,1.020321613,0.948371555,0.992999132,0.969497318,1.012134834,0.999359652,0.921296935,0.991380547
6740,1.00839603,1.023295214,1.029389495,1.066170733,1.020547045,0.948518304,0.993182526,0.969584379,1.012249325,0.99955621,0.921244209,0.991390994
6760,1.008429787,1.02344129,1.029636515,1.066471103,1.020772576,0.948665098,0.993365989,0.969671457,1.012363842,0.999752846,0.921191489,0.991401441
6780,1.008463546,1.023587408,1.029883653,1.066771643,1.020998207,0.948811938,0.993549519,0.96975855,1.012478385,0.99994956,0.921138775,0.991411889
6800,1.008497307,1.023733567,1.03013091,1.067072352,1.021223938,0.948958824,0.993733117,0.969845659,1.012592954,1.000146351,0.921086067,0.991422336
6820,1.008531071,1.023879768,1.030378286,1.067373231,1.021449769,0.949105755,0.993916783,0.969932783,1.012707549,1.000343219,0.921033365,0.991432784
6840,1.008564837,1.024026011,1.03062578,1.067674279,1.0216757,0.949252731,0.994100516,0.970019923,1.012822169,1.000540165,0.920980669,0.991443233
6860,1.008598605,1.024172296,1.030873394,1.067975498,1.02190173,0.949399753,0.994284318,0.970107079,1.012936816,1.000737188,0.920927979,0.991453681
6880,1.008632376,1.024318622,1.031121127,1.068276886,1.022127861,0.949546821,0.994468188,0.970194251,1.013051489,1.000934289,0.920875295,0.99146413
6900,1.008666148,1.02446499,1.031368978,1.068578445,1.022354092,0.949693934,0.994652125,0.970281438,1.013166187,1.001131467,0.920822617,0.991474579
6920,1.008699923,1.0246114,1.031616949,1.068880174,1.022580423,0.949841093,0.994836131,0.970368641,1.013280912,1.001328724,0.920769945,0.991485028
6940,1.008733701,1.024757852,1.031865039,1.069182073,1.022806854,0.949988297,0.995020205,0.970455859,1.013395662,1.001526058,0.920741113,0.991495477
6960,1.00876748,1.024904346,1.032127587,1.069484143,1.023033385,0.950135547,0.995204347,0.970543093,1.013510439,1.00172347,0.92078294,0.991505927
6980,1.008801262,1.025050882,1.032398217,1.069786384,1.023260017,0.950282842,0.995388557,0.970630343,1.013625241,1.001920959,0.920824772,0.991516377
7000,1.008813305,1.02519746,1.032668989,1.070088795,1.023486749,0.950430184,0.995572835,0.970717608,1.01374007,1.002118527,0.920866607,0.991526827
7020,1.008790835,1.025344079,1.032939904,1.070391378,1.023713582,0.950577571,0.995757182,0.97080489,1.013854924,1.002316172,0.920908446,0.991537277
7040,1.008768365,1.025490741,1.03321096,1.070694132,1.023940516,0.950725003,0.995941596,0.970892187,1.013969805,1.002513896,0.920950288,0.991547727
7060,1.008745896,1.025635154,1.033482159,1.070997057,1.02416755,0.950872482,0.99612608,0.970979499,1.014084712,1.002711697,0.920992135,0.991558178
7080,1.008723428,1.025750836,1.0337535,1.071300153,1.024394684,0.951020006,0.996310631,0.971066827,1.014199644,1.002909577,0.921033985,0.991568629
7100,1.008700962,1.025866545,1.034024983,1.071603421,1.02462192,0.951167576,0.996495251,0.971154171,1.014314603,1.003102927,0.921075839,0.99157908
7120,1.008678496,1.02598228,1.03429661,1.071906861,1.024849256,0.951315192,0.996679939,0.971241531,1.014429588,1.003196465,0.921117697,0.991589531
7140,1.008656031,1.026098041,1.034568378,1.072210473,1.025076693,0.951462853,0.996864696,0.971328907,1.014544599,1.00329002,0.921159559,0.991599983
7160,1.008633568,1.026213828,1.03484029,1.072514256,1.025304231,0.951610561,0.997049521,0.971416298,1.014659636,1.003383593,0.921201424,0.991610435
7180,1.008611105,1.026329641,1.035112345,1.072818212,1.02553187,0.951758314,0.997237085,0.971503705,1.014774699,1.003477182,0.921243293,0.991620887
7200,1.008588643,1.026445481,1.035384543,1.073122341,1.025759611,0.951906113,0.997426318,0.971591127,1.014889788,1.00357079,0.921285167,0.991621177
7220,1.008566182,1.026561346,1.035656884,1.073426642,1.025983778,0.952053958,0.997615623,0.971678566,1.015004903,1.003664415,0.921327043,0.991616529
7240,1.008543723,1.026677238,1.035929368,1.073731115,1.026188085,0.952201849,0.997805,0.97176602,1.015120044,1.003758057,0.921368924,0.991611881
7260,1.008521264,1.026793156,1.036201996,1.074035761,1.026392474,0.952349786,0.997994448,0.97185349,1.015235212,1.003851717,0.921410809,0.991607233
7280,1.008498806,1.0269091,1.036474768,1.07434058,1.026596945,0.952497769,0.998183969,0.971940975,1.015350406,1.003945394,0.921452697,0.991602585
7300,1.00847635,1.02702507,1.036747683,1.074645572,1.026801497,0.952645798,0.998373562,0.97202968,1.015465625,1.004039089,0.921494589,0.991597937
7320,1.008453894,1.027141066,1.037020741,1.074950738,1.02700613,0.952793873,0.998563226,0.972147572,1.015580871,1.004132802,0.921536485,0.991593289
7340,1.008431439,1.027257089,1.037293944,1.075256077,1.027210846,0.952941994,0.998752963,0.972265492,1.015696143,1.004226531,0.921578385,0.991588642
7360,1.008408986,1.027373138,1.037567291,1.075561589,1.027415642,0.953090161,0.998942772,0.97238344,1.015811442,1.004320279,0.921620289,0.991583994
7380,1.008386533,1.027489213,1.037840781,1.075867275,1.027620521,0.953238374,0.999132653,0.972501418,1.015926766,1.004414043,0.921662196,0.991579347
7400,1.008364081,1.027605314,1.038114416,1.076173134,1.027825481,0.953386634,0.999322606,0.972619424,1.016042117,1.004507826,0.921704107,0.991574699
7420,1.00834163,1.027721441,1.038388195,1.076479168,1.028030523,0.953534939,0.999512632,0.972737458,1.016157494,1.004601626,0.921746022,0.991570051
7440,1.008319181,1.027837595,1.038662119,1.076785376,1.028235646,0.953683291,0.999702729,0.972855521,1.016272897,1.004695443,0.921787941,0.991565404
7460,1.008290809,1.027953775,1.038936187,1.077091758,1.028440852,0.953831688,0.999892899,0.972973613,1.016388326,1.004789278,0.921829864,0.991560757
7480,1.008160443,1.028069982,1.039218092,1.077398314,1.02864614,0.953980132,1.000083142,0.973091734,1.01653193,1.00488313,0.92187179,0.991556109
7500,1.008030112,1.028186214,1.039500159,1.077705045,1.028851509,0.954128622,1.000273457,0.973209883,1.01670573,1.004977,0.92191372,0.991551462
7520,1.007899814,1.028302473,1.039782379,1.078011951,1.029056961,0.954277159,1.000463844,0.973328061,1.01687959,1.005070888,0.921955654,0.991546815
7540,1.007769549,1.028418758,1.040064752,1.078319032,1.029262494,0.954425741,1.000654304,0.973446268,1.017053509,1.005164793,0.921997592,0.991542167
7560,1.007639319,1.02853507,1.040347278,1.078626287,1.02946811,0.95457437,1.000844836,0.973564503,1.017227488,1.005258715,0.922039534,0.99153752
7580,1.007509122,1.028668803,1.040629959,1.078933718,1.029673808,0.954723045,1.001035441,0.973682767,1.017401526,1.005352655,0.92208148,0.991532873
7600,1.007378958,1.028821814,1.040912792,1.079241324,1.029879588,0.954871767,1.001226118,0.97380106,1.017575624,1.005446613,0.922123429,0.991528226
7620,1.007248828,1.028974871,1.04119578,1.079549105,1.03008545,0.955020535,1.001416868,0.973919382,1.017749781,1.005540588,0.922165382,0.991523579
7640,1.007118732,1.029127974,1.041478921,1.079857062,1.030291395,0.955172944,1.001607691,0.974037732,1.017923998,1.005634581,0.922207339,0.991518932
7660,1.00698867,1.029281122,1.041762217,1.080165195,1.030497422,0.955336181,1.001798587,0.974156111,1.018098275,1.005728592,0.9222493,0.991514285
7680,1.006858641,1.029434316,1.042045666,1.080473504,1.030703531,0.955499472,1.001989555,0.974274519,1.018272611,1.00582262,0.922291264,0.991509638
7700,1.006728645,1.029587555,1.04232927,1.080781989,1.030909723,0.95566282,1.002180596,0.974392956,1.018447007,1.005916665,0.922333233,0.991504991
7720,1.006598684,1.02974084,1.042613029,1.08109065,1.031145417,0.955826224,1.00237171,0.974511421,1.018621463,1.006010728,0.922375205,0.991500344
7740,1.006468755,1.029894171,1.042896942,1.081399487,1.031381447,0.955989683,1.002562897,0.974629915,1.018795978,1.006104809,0.922417181,0.991495697
7760,1.006338861,1.030047547,1.043181009,1.081708501,1.031617585,0.956153199,1.002754157,0.974748439,1.018970553,1.006198907,0.922459161,0.99149105
7780,1.006208999,1.030200969,1.043465231,1.082017691,1.031853832,0.95631677,1.00294549,0.97486699,1.019145189,1.006293023,0.922501145,0.991486404
7800,1.006079172,1.030354437,1.043749609,1.082327058,1.032090186,0.956480398,1.003136896,0.974985571,1.019319884,1.006387157,0.922543132,0.991481757
7820,1.005949378,1.030507951,1.044034141,1.082636603,1.032326649,0.956644081,1.003328375,0.975104181,1.019494639,1.006481308,0.922585124,0.99147711
7840,1.005819617,1.03066151,1.044318829,1.082946324,1.03256322,0.95680782,1.003519927,0.975222819,1.019669453,1.006575477,0.922627119,0.991472464
7860,1.00568989,1.030815115,1.044603671,1.083256222,1.032799899,0.956971616,1.003711552,0.975341487,1.019844328,1.006669663,0.922669118,0.991467817
7880,1.005560196,1.030968766,1.04488867,1.083566298,1.033036687,0.957135467,1.00390325,0.975460183,1.020019263,1.006763867,0.922711121,0.99150299
7900,1.005430536,1.031122462,1.045173823,1.083876552,1.033273584,0.957299375,1.004095022,0.975578908,1.020194258,1.006858089,0.922753127,0.991538612
7920,1.005300909,1.031276205,1.045459133,1.084186983,1.033510589,0.957463339,1.004286867,0.975697662,1.020369313,1.006985024,0.922795138,0.991574237
7940,1.005171315,1.031429993,1.045744598,1.084497592,1.033747703,0.957627359,1.004478785,0.975816445,1.020544428,1.00715763,0.922837152,0.991609864
7960,1.005020841,1.031583827,1.046030219,1.08480838,1.033984926,0.957791435,1.004676165,0.975935257,1.020719603,1.007330294,0.92288119,0.991645493
7980,1.004859411,1.031737707,1.046268502,1.085119345,1.034222258,0.957955568,1.004907895,0.976054098,1.020894838,1.007503018,0.922933192,0.991681126
8000,1.004698033,1.031891633,1.046492253,1.085430489,1.034459699,0.958119756,1.005139731,0.976172967,1.021070134,1.007675802,0.9229852,0.99171676
8020,1.004536707,1.032045605,1.046716099,1.085741811,1.034697249,0.958284001,1.005371675,0.976291866,1.021245489,1.007848644,0.923037214,0.991752398
8040,1.004375433,1.032199623,1.046940042,1.086053312,1.034934908,0.958448303,1.005603726,0.976410794,1.021420905,1.008021546,0.923089234,0.991788038
8060,1.004214211,1.032353687,1.04716408,1.086364991,1.035172676,0.95861266,1.005835884,0.97652975,1.021596381,1.008194507,0.92314126,0.99182368
8080,1.00405304,1.03250998,1.047388213,1.08667685,1.035410553,0.958777074,1.006068149,0.976648736,1.021771918,1.008367527,0.923193291,0.991859325
8100,1.003891921,1.032671471,1.047612443,1.086988887,1.03564854,0.958941545,1.006300521,0.976767751,1.021947515,1.008540607,0.923245329,0.991894973
8120,1.003730854,1.032833013,1.047836769,1.087301104,1.035886636,0.959106072,1.006533001,0.976886794,1.022123172,1.008713747,0.923297372,0.991930623
8140,1.003569838,1.032994605,1.048061191,1.087613501,1.036124842,0.959270655,1.006765588,0.977005867,1.022298889,1.008886945,0.923349421,0.991966276
8160,1.003408874,1.033156248,1.048285709,1.087926076,1.036363157,0.959435295,1.006998283,0.977124969,1.022474667,1.009060204,0.923401476,0.992001931
8180,1.003247962,1.033317942,1.048510324,1.088238832,1.03658743,0.959599991,1.007231085,0.9772441,1.022650506,1.009233521,0.923453537,0.992037589
8200,1.003087102,1.033479686,1.048735034,1.088551767,1.036781553,0.959764744,1.007463995,0.977363259,1.022826405,1.009406899,0.923505604,0.992073249
8220,1.002926293,1.033641481,1.048959841,1.088864883,1.03697575,0.959929554,1.007697013,0.977482448,1.023002364,1.009580335,0.923557677,0.992108912
8240,1.002765535,1.033803326,1.049184745,1.089178179,1.03717002,0.96009442,1.007930138,0.977601666,1.023178384,1.009753832,0.923609755,0.992144578
8260,1.002604829,1.033965222,1.049409744,1.089491655,1.037364362,0.960259342,1.008163372,0.977720913,1.023354465,1.009927388,0.92366184,0.992180246
8280,1.002444175,1.034127169,1.049634841,1.089805311,1.037558777,0.960424322,1.008396713,0.977840189,1.023530606,1.010101004,0.92371393,0.992215917
8300,1.002283571,1.034289167,1.049860034,1.090119148,1.037753265,0.960589358,1.008630162,0.977959495,1.023706808,1.010274679,0.923766026,0.99225159
8320,1.00212302,1.034451215,1.050085323,1.090433166,1.037947826,0.960754451,1.00886372,0.97812171,1.02388307,1.010448415,0.923818128,0.992287266
8340,1.00196252,1.034613314,1.050310709,1.090747365,1.03814246,0.960919601,1.009097386,0.978293024,1.024059394,1.01062221,0.923870236,0.992322944
8360,1.001802071,1.034775464,1.050536193,1.091061745,1.038337166,0.961084807,1.009331159,0.978464399,1.024235778,1.010796064,0.92392235,0.992358625
8380,1.001641674,1.034937665,1.050761772,1.091376307,1.038531946,0.96125007,1.009565042,0.978635833,1.024412222,1.010969979,0.92397447,0.992394309
8400,1.001481328,1.035099917,1.050987449,1.091691049,1.038726799,0.96141539,1.009799033,0.978807328,1.024588728,1.011143954,0.924026596,0.992429995
8420,1.001321033,1.035262219,1.051213223,1.092005974,1.038921725,0.961580767,1.010033132,0.978978882,1.024765294,1.011317988,0.924078727,0.992465683
8440,1.00116079,1.035424573,1.051439094,1.09232108,1.039116725,0.961746201,1.01026734,0.979150497,1.024941921,1.011492082,0.924130864,0.992501375
8460,1.001012318,1.035586977,1.051665062,1.092636368,1.039311797,0.961911692,1.010501656,0.979322172,1.025115014,1.011666236,0.924183008,0.992537068
8480,1.000867808,1.035749432,1.051892282,1.092951838,1.039506943,0.962077239,1.010736081,0.979493907,1.025281094,1.011840451,0.924235157,0.992572765
8500,1.00072334,1.035911939,1.052122347,1.09326749,1.039702162,0.962242844,1.010970615,0.979665703,1.025447228,1.012014725,0.924287312,0.992608464
8520,1.000578913,1.036074496,1.052352512,1.093583325,1.039897455,0.962408506,1.011205258,0.979837558,1.025613416,1.012189059,0.924339473,0.992644165
8540,1.000434528,1.036237104,1.052582779,1.093899342,1.04009282,0.962574225,1.01144001,0.980009474,1.025779657,1.012363453,0.924391639,0.992764588
8560,1.000290185,1.036399764,1.052813146,1.094215542,1.04028826,0.962740001,1.01167487,0.98018145,1.025945952,1.012537908,0.924443812,0.992897795
8580,1.000145884,1.03655582,1.053043614,1.094531924,1.040483772,0.962905834,1.01190984,0.980353487,1.026112302,1.012712423,0.92449599,0.993031038
8600,1.000001624,1.036703829,1.053274183,1.09484849,1.040679358,0.963071724,1.012144919,0.980525584,1.026278705,1.012886997,0.924548175,0.993164317
8620,0.999857406,1.036851881,1.053504852,1.095165239,1.040875018,0.963257237,1.012380108,0.980697742,1.026445162,1.013061632,0.924600365,0.993297632
8640,0.999713229,1.036999975,1.053735623,1.095482171,1.041070751,0.96344343,1.012615405,0.98086996,1.026611673,1.013236327,0.924652561,0.993430982
8660,0.999569094,1.037148111,1.053966496,1.095799287,1.041323977,0.963629696,1.012850812,0.981042238,1.026778239,1.013411083,0.924704764,0.993564368
8680,0.999425,1.03729629,1.054197469,1.096116586,1.041635332,0.963816034,1.013086329,0.981214577,1.026944858,1.013585899,0.924756972,0.993697791
8700,0.999280948,1.037444511,1.054428543,1.09643407,1.041946873,0.964002443,1.013321955,0.981386977,1.027111531,1.013751774,0.924809186,0.993831248
8720,0.999136938,1.037592774,1.054659719,1.096751737,1.042258601,0.964188925,1.01355769,0.981559437,1.027278259,1.013902622,0.924861405,0.993964742
8740,0.998992969,1.03774108,1.054890996,1.097069588,1.042570515,0.964375479,1.013791584,0.981731958,1.02744504,1.014053516,0.924913631,0.994098272
8760,0.998849041,1.037889428,1.055122375,1.097387624,1.042882615,0.964562105,1.014025232,0.981904539,1.027611876,1.014204454,0.924965863,0.994231837
8780,0.998705155,1.038037818,1.055353855,1.097705844,1.043194903,0.964748804,1.014258987,0.982077181,1.027778766,1.014355438,0.9250181,0.994365439
8800,0.998561311,1.038186251,1.055585437,1.098024248,1.043507378,0.964935575,1.014492851,0.982249884,1.02794571,1.014506466,0.925070344,0.994499076
8820,0.998417507,1.038334727,1.055817121,1.098342838,1.04382004,0.965122418,1.014726822,0.982422648,1.028112709,1.014657539,0.925122593,0.994632749
8840,0.998273746,1.038483244,1.056048906,1.098661612,1.044132889,0.965309333,1.014960901,0.982595472,1.028279762,1.014808658,0.925174848,0.994766459
8860,0.998130025,1.038631805,1.056280793,1.098980571,1.044445926,0.965496321,1.015195088,0.982768357,1.028446869,1.014959821,0.925227109,0.994900204
8880,0.997986346,1.038780408,1.056512781,1.099299716,1.044759151,0.965683382,1.015429384,0.982941303,1.02861403,1.015111029,0.925279376,0.995033985
8900,0.997842709,1.038929053,1.056744872,1.099619046,1.045072563,0.965870514,1.015663787,0.98311431,1.028781246,1.015262283,0.925331649,0.995167802
8920,0.997699112,1.039077741,1.056977065,1.099938562,1.045386164,0.96605772,1.015898299,0.983287378,1.028948516,1.015413581,0.925383928,0.995301655
8940,0.997555557,1.039226472,1.05720936,1.100258263,1.045699953,0.966244998,1.016132919,0.983460507,1.02911584,1.015564925,0.925436213,0.995435544
8960,0.997354211,1.039375245,1.057441757,1.100578151,1.046013931,0.966432348,1.016367647,0.983633697,1.029283219,1.015716314,0.925488503,0.995569469
8980,0.99714113,1.03952406,1.060962185,1.100898224,1.046328097,0.966619772,1.016602484,0.983806947,1.029450653,1.015867747,0.9255408,0.99570343
9000,0.996928139,1.039672919,1.061238299,1.101218483,1.046642452,0.966807268,1.01683743,0.983980259,1.02961814,1.016019227,0.925593102,0.995837428
